// ==UserScript==
// @name         Resposta Khan
// @version      5.0
// @description  Respostas 
// @author       LoucoHex (github@loucohex)
// @match        (seu link aqui)
// @grant        none
// ==/UserScript==

let e = JSON.parse;
JSON.parse = function (a, t) {
  let n = e(a, t);
  try {
14491365, 102518466, 28193696, 17413640, 31523690, 8223968, 31023466, 6804242, 2238752, 10641730, 32152298, 5599900, 49700957, 53519036, 23924759, 13145312, 16547746, 23202838, 30917984, 35952290, 28708738, 72242900, 71491037, 77734036, 16975097, 31702694, 116261581, 84057065, 170747515, 99699221, 13087805, 844445, 90444821, 42093871, 76559230, 79373116, 12490957, 6682876, 80520331, 55041839, 5293408, 48866138, 40753214, 7824032, 42510490, 133492, 43550900, 37918367, 115521964, 21991549, 2316422, 37075243, 32464615, 53625995, 13617931, 105815065, 29503135, 104226127, 57890069, 9235270, 175769812, 130886737, 40190636, 20562287, 26973031, 42801298, 16655415, 83313172, 69358013, 67416827, 23364896, 13253146, 9086218, 7711456, 148157570, 52626898, 98131700, 97455221, 92038228, 16536463, 900082, 40361603, 2611765, 169129465, 338451, 106665605, 157884535, 16321769, 24980027, 125162290, 38174788, 1432771, 116087116, 56194279, 9601483, 29346022, 6442905, 91236668, 1912031, 60253129, 440174, 144464145, 34730284, 24597641, 39096011, 53736796, 22973383, 72579692, 67899127, 368221, 11247584, 36325221, 48351392, 794656, 3791968, 33620768, 24253472, 5077792, 34715168, 12973510, 4510346, 25102300, 10566307, 4664012, 70571671, 56228054, 33744457, 8821765, 32892415, 49711897, 61421155, 63380755, 70931423, 130805201, 590370, 146739884, 39308237, 21022564, 166426487, 57071419, 49979782, 64606605, 108866348, 47468081, 162988681, 49257122, 7948185, 151807924, 61362853, 34484003, 15082604, 21762241, 193049404, 117498331, 26802592, 63717001, 52573856, 22967578, 188953707, 39524948, 13174286, 124232653, 33886490, 23402615, 12127171, 103818607, 113216934, 26094835, 113985978, 137697643, 21074899, 50641676, 38828918, 29914022, 54713229, 1256444, 3918874, 62725113, 137598283, 144707364, 41594949, 78508053, 102985452, 13126331, 86290892, 104798541, 113434446, 38056444, 12429754, 18199994, 72699582, 131593207, 49735188, 21900715, 103458643, 12468676, 84212108, 10087426, 14159277, 50673272, 3497235, 49298050, 20269284, 64753999, 130202702, 85635036, 34936001, 93588932, 31833146, 11246374, 94968222, 36631759, 75052764, 26919085, 23780753, 512204, 114204476, 2936342, 201614896, 72955229, 54342546, 118775895, 120743247, 135506900, 61467735, 124500717, 52967796, 125431573, 13060166, 47160252, 6460667, 140942068, 27535954, 96323674, 168099366, 14140757, 41597604, 4945805, 146776937, 21410356, 111862892, 24456506, 164748884, 12163452, 98025581, 74941286, 46471428, 98874859, 10392596, 22946974, 76099886, 130761654, 25591607, 4199796, 84700145, 110059801, 3204476, 91430428, 53049146, 38167334, 52630284, 61984843, 48996374, 47768724, 126731063, 5199196, 34739126, 66557726, 53014602, 136959247, 61587972, 168057895, 111766903, 196651625, 52574324, 71391356, 38301238, 58284824, 20161155, 8851370, 109818476, 35668055, 21420452, 58777942, 23468366, 86315593, 105752571, 13340092, 2200514, 73945377, 2642133, 91718330, 29877308, 10757207, 47319910, 94378412, 53382908, 36522698, 43692734, 37607852, 28457966, 35639388, 9211316, 4137884, 68854732, 137667788, 2137988, 122747596, 124137532, 111424604, 142553054, 100715281, 4345673, 97867245, 21410290, 147958791, 134823113, 101949084, 53147535, 70323971, 108437230, 24495125, 61567964, 93289564, 32643164, 24359116, 62061890, 8605588, 13868908, 55791284, 1216516, 24436028, 109996948, 65268388, 8056348, 142637652, 18272011, 75323634, 375608, 7324840, 14447956, 61134092, 28333516, 99829844, 918620, 44185852, 74147492, 36890804, 28523900, 89339658, 36463242, 51581011, 50990841, 83850699, 117414142, 2430746, 76362459, 32354972, 78569125, 24703625, 194173827, 2021706, 42336566, 106679253, 39810350, 19506625, 142534625, 112477084, 35747612, 125954716, 856060, 34583996, 3095156, 121827044, 106632692, 67814382, 126318045, 129781339, 26635544, 167980412, 28256749, 160926778, 106559697, 12353085, 41417049, 173409875, 52281958, 2658563, 18907012, 102442276, 41139548, 58825076, 9737372, 2498996, 6844892, 27845548, 159859900, 27605586, 4454778, 59170873, 90584901, 77886429, 97124492, 18828812, 152681084, 63933836, 102904852, 28484948, 109388828, 74049604, 112303476, 29139611, 106124574, 74909204, 18605960, 48053482, 7418198, 132174447, 19462196, 77495375, 72659668, 102193508, 126581788, 26855996, 50850148, 177305252, 42602348, 17906788, 166529262, 135375555, 16784983, 3326648, 7452652, 39157009, 112792574, 124085721, 20427345, 60610593, 131823875, 67716125, 5061081, 41329436, 65717348, 68531444, 67075636, 59714164, 71912996, 6023884, 127138756, 60537996, 93370561, 10641966, 23105692, 24111320, 35925174, 16025026, 182693499, 18696050, 144733375, 8777812, 45468884, 121744796, 17490028, 106603436, 28782476, 166637668, 888260, 53476602, 45186645, 91746323, 123908408, 28877852, 27499397, 78006746, 128986779, 26163045, 39546777, 82281125, 38958875, 30189524, 138121348, 12807044, 82055812, 90563110, 61914988, 79739252, 24825188, 129177292, 65542732, 114962924, 9004316, 3860596, 67477999, 25943830, 58094900, 102972279, 106260493, 113770764, 42001995, 8831117, 77788810, 235827125, 4488732, 14962604, 18495286, 3004012, 23212612, 27986522, 128048865, 115307939, 33696539, 102659173, 105091813, 3445055, 83259172, 36251242, 78257138, 117137697, 69184625, 54641708, 32913644, 7426586, 138323382, 349359, 33833296, 111787668, 82650499, 58141809, 58340731, 102069124, 49337434, 61352342, 28593762, 49383379, 106553988, 186368885, 59809877, 40440004, 121231804, 10676374, 151786523, 85832355, 136289900, 15015443, 137318893, 15426028, 62909485, 427524, 41875726, 1279538, 37448949, 111482125, 13161625, 1302268, 17128119, 15000508, 34940746, 25376373, 165857199, 19334810, 100305316, 87317429, 78922910, 79137868, 32491364, 1501678, 44442094, 158236228, 40945078, 56868732, 151992556, 28498196, 3284308, 101766076, 468372, 100083028, 27042388, 57776276, 106815394, 22770551, 145980973, 27810615, 148037230, 19124409, 58600319, 5321268, 27658365, 2712299, 8326670, 108540125, 89330068, 91567324, 30524404, 82490972, 109482670, 26983324, 44571148, 25119772, 8407972, 106758364, 9052156, 99345556, 50999188, 135194192, 50080264, 76989191, 90071630, 26515628, 70268439, 73375639, 178162917, 11438452, 69048116, 53274164, 23312524, 4191428, 132170972, 69593492, 72370604, 52768692, 72821909, 69278298, 8025692, 27165560, 38676892, 61795388, 74624236, 83770508, 67368748, 7058516, 100805228, 124021244, 62824700, 1439526, 189254022, 68581231, 36498429, 26764923, 46031698, 66421246, 2275377, 45654284, 169094875, 24984875, 153314949, 21345066, 46401314, 3177213, 59571350, 60195125, 497625, 88564444, 64390892, 37479788, 4617388, 89478556, 43191884, 19439876, 52300988, 76692246, 43503285, 56898539, 27384136, 36785108, 64156349, 69724594, 17069079, 40604535, 26712831, 74968375, 58885375, 46623074, 7030921, 435804, 482540, 46398452, 17785532, 98881324, 90703628, 161937572, 86845516, 3033700, 179618226, 67703802, 132625481, 2048211, 56425389, 140126638, 19986562, 75108351, 19131160, 15437084, 18785257, 12369160, 17527635, 27898581, 4615739, 60685375, 104785375, 3784587, 89425566, 19787282, 61344651, 44776360, 26706950, 18848561, 29256680, 40323645, 23553687, 56302471, 125040875, 73262125, 97462868, 133825316, 46987436, 164996204, 102661570, 95102516, 12233516, 34029236, 26059276, 138747316, 126984196, 47389292, 58328092, 656420, 85095308, 122419156, 52383236, 4323908, 10149164, 26841644, 13700548, 45388108, 5358908, 100765484, 45842036, 135455924, 121772764, 90967484, 105441844, 55135508, 75908188, 40102892, 116416892, 101207636, 17403916, 26002972, 41198428, 133019948, 99423388, 99108748, 182255588, 141364630, 14828854, 32628107, 7040116, 43289404, 78898004, 59424548, 24789308, 20370916, 103437716, 36033548, 127810300, 4670682, 82393842, 131725709, 21563487, 126312267, 65584394, 36434306, 22026471, 9851265, 38859793, 61533950, 99354875, 10082375, 29634513, 55624266, 20073418, 83816751, 76270995, 44368182, 118434625, 104967125, 102643204, 35442356, 3074548, 94981996, 47926670, 130143292, 78928732, 82249564, 166637668, 23667092, 3509524, 57884468, 120075916, 4700924, 75841396, 5279972, 61880212, 33881852, 60299284, 9770492, 113014364, 75841396, 28873556, 53395604, 77951876, 111301508, 162008596, 81389732, 124781164, 8010164, 59893012, 135755108, 7725884, 3031676, 45175036, 52780124, 19851116, 26575396, 50046068, 91156636, 116972756, 119593430, 30411286, 97905427, 23798468, 18822556, 117777388, 41699276, 13670372, 54165092, 60454948, 9293012, 94916300, 40595694, 22085562, 76487701, 59691159, 113526417, 17292474, 103735862, 178136349, 18178614, 17799625, 158882875, 118575813, 1990186, 99375578, 131988963, 45498019, 64034350, 228063625, 22908625, 91159028, 61817468, 148336844, 48291812, 47848130, 63753884, 19171052, 130505588, 23755964, 111063044, 140369276, 5007836, 92485852, 18374021, 469590, 71242300, 99189537, 85593479, 130687884, 3355905, 32532859, 39420370, 72346375, 1062252, 43767436, 16356346, 32313556, 85064948, 24596654, 41887545, 4453849, 2677879, 8248549, 100053529, 72398135, 106125956, 3061598, 29760554, 47828919, 119878375, 9259316, 95454692, 1078174, 57484842, 9986981, 16518992, 146243124, 111884359, 104135823, 162467489, 17650844, 2182766, 17392286, 57171918, 31020697, 37311948, 151350005, 32185367, 5406676, 78390164, 3643202, 130813963, 23927295, 117104300, 58023299, 45806429, 14003404, 69347185, 39233308, 33991262, 65609542, 45035589, 34078375, 131253625, 46073967, 43056596, 92370116, 26269862, 76787445, 2598284, 119726107, 10826861, 88461812, 102435007, 112662796, 24040189, 74781214, 72363167, 18809202, 109563605, 49663005, 82141887, 35642090, 119590892, 14777318, 54317174, 91973127, 88942012, 9482498, 12675283, 81819403, 91548914, 27060801, 53757498, 81877148, 30396578, 44841598, 43035312, 12482492, 19100764, 321130, 65061119, 13620705, 121162690, 142854447, 137687262, 25963412, 3739286, 1178386, 29714923, 8297375, 57045076, 10926932, 20546098, 48736109, 51303447, 40506959, 56769865, 12102628, 137759685, 121813287, 160436210, 7587884, 29783218, 4815682, 71953647, 2277644, 32885582, 60644331, 30833247, 113136430, 78037724, 96722347, 16019410, 134355724, 125873756, 48306758, 52670438, 5063404, 14502122, 125551772, 171873345, 43106073, 106588570, 98834863, 59596668, 20549344, 12246311, 149197099, 187643315, 8949415, 97430235, 21863584, 179055321, 30761418, 40808224, 7511303, 148943622, 158402895, 114128185, 113091764, 8054655, 8210759, 132193930, 40853661, 25157984, 402702, 118850253, 13753630, 94450549, 148532508, 10893100, 73123359, 50823904, 68891949, 21587657, 69073459, 6464215721, 54430496, 135454002, 139211393, 37153300, 300930, 27074343, 31665376, 43180123, 15345651, 4129107, 95672548, 37005974, 26300252, 31616996, 1586474, 15602055, 21516491, 14781539, 57041297, 81712333, 13980895, 70161316, 5750114, 30216782, 150795417, 117554875, 9355412, 8576332, 3913706, 154808171, 166601505, 53153300, 31495031, 7228267, 8644204, 122804015, 51124492, 51411638, 51537466, 30457137, 59565124, 29571466, 125237094, 9058927, 12291700, 98187285, 126928833, 1753504, 26138119, 90749444, 18713498, 29865998, 37239603, 91606516, 18789998, 49975273, 103292388, 51557205, 259354, 75591890, 17251103, 90155731, 93141070, 39577924, 92947508, 25585306, 55724138, 89395388, 6195718, 13006100, 79645873, 30472602, 57451451, 41200497, 167693436, 52372492, 291272, 9569674, 62646452, 97059724, 10495766, 66942893, 76995942, 48031393, 32401900, 62424161, 137776700, 43232732, 21702574, 31279342, 73288916, 86077182, 19025019, 16102127, 52730612, 3958852, 125358, 127686297, 873040, 22653524, 148440495, 131169477, 133814890, 9623545, 165588316, 1525138, 16001446, 218634837, 76338748, 17106046, 83565603, 110134648, 165785271, 34255095, 151729083, 4549343, 118212295, 97324132, 11605186, 18773614, 88832471, 3867243, 51993892, 15982346, 94851801, 2070039, 62813630, 38351108, 171007241, 132807070, 49099436, 53043244, 3969058, 14834602, 18733868, 6274054, 55728791, 155367978, 174213165, 11527715, 73075012, 4934895, 114685913, 102546070, 77945199, 16871648, 79802974, 1226883, 141096010, 701407, 129722364, 41114900, 24424107, 6023884, 54991226, 22023628, 96706628, 49082366, 6963363, 10170597, 97639746, 60322758, 80872013, 2729331, 161947252, 8722796, 3670946, 80152694, 1306508, 38066538, 156898521, 89307937, 84001625, 40177148, 143144817, 57645268, 19559758, 165146949, 80356119, 52087310, 116394284, 67628893, 522390, 72785476, 104396356, 23844914, 33890386, 102733732, 1872278, 27009716, 8132565, 439338, 33726110, 119196463, 54489564, 42585376, 18532283, 42821879, 113922335, 152147185, 138710985, 63084676, 13375294, 12156364, 6876356, 10555334, 31889583, 34873869, 38030514, 38175294, 42460501, 37565847, 3572684, 157577324, 36216358, 39440638, 25328742, 2268733, 80888436, 50207735, 71921191, 81200375, 14200077, 24535676, 34286836, 335410, 45404900, 81820807, 74831305, 99959801, 50647788, 74861099, 113933259, 143124164, 6097737, 90863410, 18241723, 16398046, 60345108, 33437969, 99103300, 96447004, 11760974, 28436182, 13607718, 27416177, 43697124, 50331245, 122762369, 25880228, 52862372, 8817934, 287800, 5557965, 1420595, 19258288, 18972036, 115470643, 171320633, 23447923, 94860267, 7633431, 3671030, 79293076, 119828068, 46624166, 51399658, 179496790, 184822677, 206671068, 74682108, 22539572, 40433908, 52736006, 74055592, 41478461, 9669545, 35287746, 57597789, 63842570, 91727089, 69315943, 182833062, 122755332, 105247064, 2244119, 66002885, 15173242, 118254849, 126278762, 124752473, 13681964, 35579402, 11239066, 7841454, 36771827, 21502692, 12460135, 42845917, 74576084, 71902876, 27153046, 68700193, 144101763, 77525964, 12277556, 17490585, 111653584, 48760596, 66196511, 43433983, 11163631, 43725204, 118431893, 134244099, 100306708, 89255732, 13552502, 27686474, 17593266, 122757671, 100392804, 38264755, 40258903, 28613684, 97013908, 11715686, 73425279, 104566330, 116405833, 9319760, 6206147, 13655946, 5865452, 95241405, 54118570, 12098689, 74298188, 38478854, 274746, 106293932, 114855798, 77852619, 27280807, 6867212, 34488316, 38924866, 112380402, 719255, 77396330, 28079900, 13884879, 210745069, 121632315, 148087382, 94980097, 12417332, 14782078, 4549694, 107970774, 52123823, 137238732, 81030035, 87120277, 217937375, 11989868, 3595084, 8752382, 46181585, 171511916, 71640223, 16925908, 58117395, 49046481, 109392692, 18070966, 15610526, 290292, 87368579, 11135988, 76481785, 100459549, 13602644, 39536908, 48779222, 9482188, 147683041, 127198064, 116362201, 89523268, 3332782, 71885722, 97124492, 37837886, 33321858, 66676927, 28742300, 29209215, 140439531, 37226236, 567086, 58147364, 1974412, 31421678, 93625094, 112102829, 132133866, 146289545, 14677005, 68800353, 114013570, 98986204, 33039262, 41681294, 41126403, 37656244, 18227978, 71705323, 45695051, 9574874, 12256287, 67039638, 33935212, 60044986, 8192326, 13186831, 6558068, 134376212, 20015494, 12065101, 78245265, 61956070, 17412459, 64035966, 120647788, 1481006, 44261482, 50229744, 2628625, 178400875, 95101375, 27677875, 46270375, 32304658, 58572427
    }
  } catch (r) {
    console.error("Error modifying parsed data:", r);
  }
  return n;
};
